init_lr: 0.013555721642207629
lr_decay_gamma: 0.31228240706108457
beta: 8
tv_reg: 1.7925542621817476e-05
batch_size: 8
loss_id: mae
k: 8
n_tbins: 200
epochs: 50

dataset:
  sigma: 10
  num_samples: 15072
  grid_size: 10
  minmax_counts : [50, 200]
  minmax_sbrs: [0.1, 5.0]

