batch_size: 24
beta: 8
epochs: 10
k: 8
n_tbins: 200
init_lr: 0.0009145173790926249
lr_decay_gamma: 0.37425082035224766
tv_reg: 0.09723338742824626
loss_id: 'mae'

dataset:
  sigma: 10
  num_samples: 200
  grid_size: 10
  minmax_counts : [10, 200]
  minmax_sbrs: [0.1, 5.0]

