beta: 45
init_lr: 0.050226343864103115
k: 4
loss_id: rmse
lr_decay_gamma: 0.16375838881528834
n_tbins: 1024
sigma: 30
tv_reg: 0.0011869485344305597
