beta: 18
init_lr: 0.000743327256651533
k: 4
loss_id: rmse
lr_decay_gamma: 0.30926080247304144
n_tbins: 200
photon_count: 200
sbr: 1.0
sigma: 10
tv_reg: 0.04730477242677384
