beta: 45
init_lr: 0.050226343864103115
k: 4
loss_id: rmse
lr_decay_gamma: 0.16375838881528834
n_tbins: 200
photon_count: 200
sbr: 1.0
sigma: 10
tv_reg: 0.0011869485344305597
