beta: 8
init_lr: 0.0009145173790926249
k: 4
loss_id: mae
lr_decay_gamma: 0.37425082035224766
n_tbins: 1024
sigma: 30
tv_reg: 0.09723338742824626
